[General]
size = 1024
backgroundcolor = (0.169, 0.169, 0.169)
type = "ZBuffering"
eye = (200, 60, 70)
nrFigures = 7

[Figure0]
type = "Cube"
scale = 0.05
rotateX = 0
rotateY = 0
rotateZ = 0
center = (1.33333, 1.2, 0)
color = (0.824361, 0.175639, 0)

[Figure1]
type = "Cube"
scale = 0.05
rotateX = 0
rotateY = 0
rotateZ = 0
center = (2, 1.2, 0)
color = (0.818002, 0.181998, 0)

[Figure2]
type = "Cube"
scale = 0.05
rotateX = 0
rotateY = 0
rotateZ = 0
center = (2.66667, 1.2, 0)
color = (0.816667, 0.183333, 0)

[Figure3]
type = "Cube"
scale = 0.05
rotateX = 0
rotateY = 0
rotateZ = 0
center = (3.33333, 1.2, 0)
color = (0.825, 0.175, 0)

[Figure4]
type = "Cube"
scale = 0.1125
rotateX = 0
rotateY = 0
rotateZ = 0
center = (0, 0, 0)
color = (0, 0.6, 0.3)

[Figure5]
type = "Cone"
scale = 0.1575
n = 8
height = 1
rotateX = 0
rotateY = 0
rotateZ = 0
center = (0, 0, 0.1125)
color = (0, 0.6, 0.4)

[Figure6]
type = "LineDrawing"
scale = 1.0
rotateX = 0
rotateY = 0
rotateZ = 0
center = (0, 0, 0)
color = (0, 0.4, 1.0)
nrPoints = 5
nrLines = 4
point0 = (1.33333, 1.2, 0)
point1 = (2, 1.2, 0)
point2 = (2.66667, 1.2, 0)
point3 = (3.33333, 1.2, 0)
point4 = (0, 0, 0)
line0 = (4,0)
line1 = (4,1)
line2 = (4,2)
line3 = (4,3)
